  -1.4300000e+02
  -1.1400000e+02
   4.6090000e+03
   7.3090000e+03
   3.3720000e+03
  -2.3050000e+03
  -8.8500000e+02
   6.7500000e+03
   9.4530000e+03
   2.7050000e+03
  -4.1590000e+03
  -2.1920000e+03
   5.6970000e+03
   1.0021000e+04
   5.2650000e+03
  -3.6130000e+03
  -5.0730000e+03
   3.9780000e+03
   1.1252000e+04
   6.3870000e+03
  -2.9030000e+03
  -3.5780000e+03
   3.7370000e+03
   8.4230000e+03
   5.4600000e+03
   2.2000000e+02
  -6.3600000e+02
   2.3850000e+03
   4.7680000e+03
   4.4360000e+03
   2.3880000e+03
   1.3850000e+03
   2.8730000e+03
   3.7880000e+03
   2.1160000e+03
   1.1950000e+03
   2.9150000e+03
   4.6900000e+03
   4.5080000e+03
   2.3870000e+03
  -1.6000000e+02
   1.1000000e+02
   4.1930000e+03
   7.2340000e+03
   4.3070000e+03
  -8.2800000e+02
  -7.1800000e+02
   3.5180000e+03
   5.3070000e+03
   3.7640000e+03
   2.3530000e+03
   2.2330000e+03
   2.2390000e+03
   2.0940000e+03
   2.9120000e+03
   4.4690000e+03
   4.1850000e+03
   1.8240000e+03
   1.3150000e+03
   3.2770000e+03
   3.2680000e+03
   1.6300000e+03
   3.0670000e+03
   5.4620000e+03
   3.1380000e+03
  -8.8400000e+02
   3.4500000e+02
   4.7910000e+03
   5.8930000e+03
   3.5030000e+03
   8.2100000e+02
  -3.5300000e+02
   1.7910000e+03
   5.9000000e+03
   6.2550000e+03
   1.6420000e+03
  -1.2910000e+03
   1.4860000e+03
   5.3740000e+03
   5.2600000e+03
   2.7560000e+03
   1.6000000e+03
   1.7990000e+03
   2.1760000e+03
   3.0660000e+03
   3.9050000e+03
   3.6070000e+03
   2.8770000e+03
   2.6110000e+03
   2.2600000e+03
   1.4150000e+03
   1.2920000e+03
   3.2790000e+03
   5.6260000e+03
   4.7490000e+03
   1.0840000e+03
  -8.5900000e+02
   9.6900000e+02
   3.9980000e+03
   5.6600000e+03
   5.7150000e+03
   3.4390000e+03
  -9.6200000e+02
  -2.1860000e+03
   3.4350000e+03
   9.2520000e+03
   6.4400000e+03
  -1.8160000e+03
  -3.7250000e+03
   3.4820000e+03
   8.9780000e+03
   5.0670000e+03
  -1.7970000e+03
  -1.8430000e+03
   4.0820000e+03
   7.2670000e+03
   3.9230000e+03
  -4.7300000e+02
   9.2000000e+01
   4.5640000e+03
   8.9770000e+03
   1.0341000e+04
   6.0170000e+03
   7.7600000e+02
   2.6240000e+03
   4.8910000e+03
  -2.7230000e+03
  -1.0045000e+04
  -3.3060000e+03
   6.2230000e+03
   2.7590000e+03
  -3.5250000e+03
   3.1800000e+02
   5.8710000e+03
   5.3980000e+03
   4.4050000e+03
   5.5410000e+03
   4.6400000e+03
   1.6130000e+03
   1.0880000e+03
   4.0750000e+03
   6.9750000e+03
   7.2970000e+03
   4.9790000e+03
  -1.9100000e+02
  -5.0250000e+03
  -3.2180000e+03
   3.5440000e+03
   7.3490000e+03
   6.8680000e+03
   4.5380000e+03
   1.5150000e+03
   1.3240000e+03
   4.1500000e+03
   4.0740000e+03
   1.9300000e+02
  -1.8340000e+03
   8.1600000e+02
   5.3420000e+03
   7.4320000e+03
   5.0950000e+03
   2.2000000e+02
  -2.1400000e+03
   1.3780000e+03
   6.2890000e+03
   5.9030000e+03
   2.7830000e+03
   1.9750000e+03
   1.9980000e+03
   1.7450000e+03
   2.5260000e+03
   3.5590000e+03
   4.0880000e+03
   4.0950000e+03
   2.7420000e+03
  -6.7000000e+01
  -1.8220000e+03
   1.1170000e+03
   7.1470000e+03
   8.8490000e+03
   3.3930000e+03
  -2.3090000e+03
  -1.6120000e+03
   3.1960000e+03
   6.5260000e+03
   5.6020000e+03
   1.1220000e+03
  -2.1720000e+03
  -5.9600000e+02
   3.8670000e+03
   6.6230000e+03
   4.7830000e+03
   3.7500000e+02
  -4.9300000e+02
   4.1330000e+03
   8.1300000e+03
   6.2120000e+03
   1.5780000e+03
   2.2600000e+02
   1.6310000e+03
   1.7260000e+03
   1.4970000e+03
   2.5570000e+03
   2.4720000e+03
   1.2630000e+03
   1.6530000e+03
   3.8120000e+03
   5.8140000e+03
   5.5010000e+03
   3.3520000e+03
   3.0780000e+03
   5.2540000e+03
   5.0640000e+03
   2.7600000e+02
  -3.6850000e+03
  -1.5950000e+03
   3.6930000e+03
   6.2620000e+03
   3.9300000e+03
  -7.8100000e+02
  -1.8900000e+03
   3.8530000e+03
   1.0947000e+04
   1.0879000e+04
   3.7780000e+03
  -2.6850000e+03
  -3.8590000e+03
   6.7000000e+01
   5.6630000e+03
   6.3620000e+03
   1.0820000e+03
  -1.9720000e+03
   1.6310000e+03
   5.4410000e+03
   4.1230000e+03
   2.5990000e+03
   5.4310000e+03
   7.5530000e+03
   4.1070000e+03
  -1.4060000e+03
  -2.6600000e+03
   1.7870000e+03
   6.0810000e+03
   4.4160000e+03
  -6.0700000e+02
  -2.5760000e+03
   4.9500000e+02
   5.9690000e+03
   8.8580000e+03
   5.1260000e+03
  -8.9800000e+02
   7.1000000e+01
   6.1740000e+03
   6.3410000e+03
   6.2800000e+02
  -1.1680000e+03
   1.6380000e+03
   2.8510000e+03
   2.2420000e+03
   1.8380000e+03
   7.6000000e+02
   7.8100000e+02
   4.6770000e+03
   8.2110000e+03
   5.8360000e+03
   1.4470000e+03
   2.0820000e+03
   5.7670000e+03
   4.9120000e+03
  -1.3620000e+03
  -5.4160000e+03
  -1.8550000e+03
   5.2100000e+03
   8.4750000e+03
   6.4960000e+03
   3.1730000e+03
   1.9490000e+03
   2.7370000e+03
   3.2160000e+03
   1.7190000e+03
  -3.6800000e+02
   5.0300000e+02
   4.2560000e+03
   6.0340000e+03
   4.0980000e+03
   2.3170000e+03
   2.7300000e+03
   2.9890000e+03
   2.0360000e+03
   1.6530000e+03
   1.8660000e+03
   1.3880000e+03
   1.1520000e+03
   2.0730000e+03
   2.9580000e+03
   3.1350000e+03
   3.9460000e+03
   5.7880000e+03
   5.3470000e+03
   1.9640000e+03
   2.1020000e+03
   7.7080000e+03
   9.7170000e+03
   3.2100000e+03
  -3.0990000e+03
  -1.8000000e+03
   2.3600000e+03
   3.9300000e+03
   4.0920000e+03
   3.6390000e+03
   1.4280000e+03
  -5.5500000e+02
   1.0860000e+03
   4.5710000e+03
   4.6160000e+03
   1.1310000e+03
  -1.0370000e+03
   2.0700000e+02
   3.1130000e+03
   5.5630000e+03
   6.0370000e+03
   4.6360000e+03
   3.4030000e+03
   3.2540000e+03
   3.1240000e+03
   2.8790000e+03
   3.3390000e+03
   3.6320000e+03
   1.6230000e+03
  -2.8560000e+03
  -5.0160000e+03
   3.7400000e+02
   8.6240000e+03
   9.5110000e+03
   3.0580000e+03
  -1.5760000e+03
  -1.1800000e+02
   4.4060000e+03
   7.7350000e+03
   7.1180000e+03
   3.2260000e+03
   3.6000000e+01
   4.0000000e+00
   1.8910000e+03
   3.4340000e+03
   3.4920000e+03
   2.4560000e+03
   1.6130000e+03
   1.4170000e+03
   1.0800000e+03
   1.3740000e+03
   4.1240000e+03
   6.4990000e+03
   3.7570000e+03
  -9.7600000e+02
  -4.1300000e+02
   4.5940000e+03
   6.6300000e+03
   4.0440000e+03
   2.1580000e+03
   3.1930000e+03
   4.0100000e+03
   2.6090000e+03
   7.8700000e+02
   1.2590000e+03
   3.5610000e+03
   3.9740000e+03
   1.4640000e+03
  -7.9000000e+02
  -8.6700000e+02
   8.6200000e+02
   3.5440000e+03
   5.0940000e+03
   4.6460000e+03
   3.8920000e+03
   3.5860000e+03
   3.7360000e+03
   4.5790000e+03
   5.2660000e+03
   5.3490000e+03
   4.3480000e+03
   1.2900000e+03
  -1.3970000e+03
  -1.1960000e+03
   1.2100000e+02
   2.4900000e+03
   6.0700000e+03
   4.5550000e+03
  -3.0670000e+03
  -4.7570000e+03
   4.6580000e+03
   1.2036000e+04
   6.3390000e+03
  -3.7790000e+03
  -3.6670000e+03
   4.9960000e+03
   9.0900000e+03
   5.3000000e+03
   1.3850000e+03
   1.4860000e+03
   3.0340000e+03
   3.8840000e+03
   3.5930000e+03
   2.0950000e+03
   9.9100000e+02
   1.7690000e+03
   3.4110000e+03
   4.1610000e+03
   3.1220000e+03
   8.2300000e+02
  -7.6000000e+01
   2.8320000e+03
   7.1570000e+03
   7.0230000e+03
   2.1420000e+03
   3.1000000e+01
   4.1670000e+03
   7.5640000e+03
   3.8210000e+03
  -2.9030000e+03
  -4.2040000e+03
   1.5420000e+03
   7.7860000e+03
   7.7040000e+03
   2.0780000e+03
  -1.7670000e+03
   7.9100000e+02
   5.7150000e+03
   6.3330000e+03
   2.2250000e+03
  -1.5570000e+03
  -1.0100000e+03
   3.0920000e+03
   6.5370000e+03
   5.9210000e+03
   1.4690000e+03
  -2.3410000e+03
  -6.1700000e+02
   4.7170000e+03
   6.9840000e+03
   4.8850000e+03
   2.3620000e+03
   9.4800000e+02
   5.4500000e+02
   2.8320000e+03
   6.8160000e+03
   6.5040000e+03
  -1.0600000e+02
  -4.5520000e+03
   6.3700000e+02
   9.0900000e+03
   9.6580000e+03
   2.2360000e+03
  -3.5500000e+03
  -1.8310000e+03
   3.4190000e+03
   6.0730000e+03
   5.3330000e+03
   3.0130000e+03
   6.2100000e+02
   6.9900000e+02
   3.9870000e+03
   6.4090000e+03
   4.1260000e+03
  -9.9900000e+02
  -3.5150000e+03
  -5.5800000e+02
   4.1790000e+03
   5.0910000e+03
   3.5610000e+03
   4.2470000e+03
   5.2260000e+03
   3.7260000e+03
   3.2000000e+03
   4.9810000e+03
   5.1640000e+03
   3.1380000e+03
   1.2550000e+03
  -2.0000000e+00
   3.8400000e+02
   3.0910000e+03
   4.7540000e+03
   2.6680000e+03
  -2.1600000e+02
  -1.2000000e+02
   1.6070000e+03
   1.8070000e+03
   1.2330000e+03
   2.7050000e+03
   5.4630000e+03
   5.7440000e+03
   3.7470000e+03
   3.2760000e+03
   4.4240000e+03
   4.5260000e+03
   3.7670000e+03
   3.3790000e+03
   2.5060000e+03
   3.9700000e+02
  -9.5600000e+02
   8.8300000e+02
   3.5900000e+03
   2.5690000e+03
   2.0000000e+00
   1.6370000e+03
   5.2460000e+03
   4.8480000e+03
   1.9360000e+03
   1.3180000e+03
   3.1880000e+03
   5.2990000e+03
   5.8320000e+03
   3.6120000e+03
   2.6100000e+02
  -1.9400000e+02
   3.0800000e+03
   5.7040000e+03
   3.9500000e+03
   4.8700000e+02
   7.7600000e+02
   4.7500000e+03
   6.9970000e+03
   4.9130000e+03
   1.6610000e+03
   6.4400000e+02
   1.4420000e+03
   2.2220000e+03
   1.7600000e+03
   5.0300000e+02
   1.1440000e+03
   4.3680000e+03
   6.3870000e+03
   3.6960000e+03
  -8.2200000e+02
  -2.6300000e+02
   5.2240000e+03
   7.0650000e+03
   2.1710000e+03
  -2.3090000e+03
  -6.8300000e+02
   4.8430000e+03
   8.5570000e+03
   6.4800000e+03
   5.1900000e+02
  -2.6180000e+03
   1.0800000e+02
   4.5190000e+03
   6.0450000e+03
   4.8120000e+03
   2.2000000e+03
  -1.1180000e+03
  -1.8340000e+03
   2.4940000e+03
   7.1460000e+03
   6.7580000e+03
   3.5240000e+03
   1.9270000e+03
   1.7750000e+03
   1.6400000e+03
   2.6550000e+03
   4.3040000e+03
   3.3030000e+03
  -5.0500000e+02
  -1.9340000e+03
   3.4600000e+03
   1.1061000e+04
   1.0635000e+04
   1.6120000e+03
  -4.8450000e+03
  -1.7980000e+03
   5.1410000e+03
   6.9170000e+03
   2.1450000e+03
  -2.2110000e+03
  -2.9800000e+02
   4.4210000e+03
   5.2480000e+03
   3.0240000e+03
   2.0080000e+03
   1.7540000e+03
   1.2170000e+03
   2.5950000e+03
   5.8920000e+03
   7.0660000e+03
   4.1130000e+03
   6.1100000e+02
   8.8700000e+02
   3.5060000e+03
   3.2910000e+03
  -6.9700000e+02
  -3.2000000e+03
   7.0000000e+01
   6.2250000e+03
   8.9390000e+03
   5.8200000e+03
   3.0700000e+02
  -1.0830000e+03
   3.9630000e+03
   8.3130000e+03
   4.5200000e+03
  -2.7930000e+03
  -3.4750000e+03
   2.6780000e+03
   6.6730000e+03
   3.8130000e+03
  -7.8700000e+02
   8.9000000e+01
   5.6330000e+03
   8.1810000e+03
   4.1360000e+03
  -7.7900000e+02
   9.3800000e+02
   7.6700000e+03
   1.0150000e+04
   4.3860000e+03
  -3.7630000e+03
  -6.6090000e+03
  -1.8340000e+03
   5.2490000e+03
   6.4430000e+03
   1.5100000e+03
  -1.7020000e+03
   1.0050000e+03
   6.0610000e+03
   8.5180000e+03
   7.2380000e+03
   4.2550000e+03
   1.5330000e+03
   5.0000000e+00
  -3.5000000e+01
   1.2360000e+03
   4.0950000e+03
   7.2230000e+03
   6.3290000e+03
   9.4800000e+02
  -1.7030000e+03
   2.5330000e+03
   6.9610000e+03
   4.4970000e+03
  -2.3980000e+03
  -6.2870000e+03
  -2.5510000e+03
   5.7330000e+03
   9.6970000e+03
   5.9770000e+03
   7.6400000e+02
  -9.3900000e+02
   3.5000000e+01
   3.2610000e+03
   7.8640000e+03
   8.1690000e+03
   1.2270000e+03
  -4.8850000e+03
  -5.9100000e+02
   9.5740000e+03
   1.1194000e+04
   8.5500000e+02
  -7.6450000e+03
  -3.2550000e+03
   6.5800000e+03
   9.2740000e+03
   5.5290000e+03
   3.2990000e+03
   3.6130000e+03
   3.2940000e+03
   2.1890000e+03
   7.1800000e+02
  -9.3300000e+02
  -5.7800000e+02
   2.4260000e+03
   4.4940000e+03
   3.0760000e+03
   1.5200000e+03
   3.7790000e+03
   6.5780000e+03
   4.5250000e+03
  -6.6000000e+01
  -1.5940000e+03
   9.1000000e+01
   2.4730000e+03
   4.1410000e+03
   3.7830000e+03
   1.6690000e+03
  -1.4000000e+01
   1.0460000e+03
   5.5940000e+03
   9.3710000e+03
   6.2130000e+03
  -1.0630000e+03
  -1.8360000e+03
   5.3290000e+03
   8.5610000e+03
   2.1720000e+03
  -3.1460000e+03
   1.0710000e+03
   7.2310000e+03
   5.7230000e+03
  -5.7900000e+02
  -2.3260000e+03
   2.4410000e+03
   5.6840000e+03
   2.3970000e+03
  -7.5300000e+02
   2.5880000e+03
   7.1230000e+03
   5.4910000e+03
  -5.1000000e+01
  -1.9730000e+03
   1.7520000e+03
   5.5200000e+03
   4.7230000e+03
   2.4580000e+03
   3.5770000e+03
   5.7150000e+03
   3.5490000e+03
   2.3300000e+02
   3.2950000e+03
   9.4600000e+03
   8.1470000e+03
   2.7100000e+02
  -2.3280000e+03
   3.8030000e+03
   9.3930000e+03
   7.8690000e+03
   3.3530000e+03
   1.5260000e+03
   2.2350000e+03
   3.3850000e+03
   3.6320000e+03
   5.9900000e+02
  -5.4710000e+03
  -8.1160000e+03
  -2.6610000e+03
   5.1920000e+03
   6.9250000e+03
   2.7560000e+03
  -1.0520000e+03
  -1.0100000e+03
   1.6630000e+03
   4.1250000e+03
   4.1990000e+03
   1.6680000e+03
  -9.8000000e+02
  -1.3330000e+03
  -5.7000000e+02
  -4.1700000e+02
   3.8500000e+02
   2.2990000e+03
   3.6590000e+03
   4.4520000e+03
   4.8460000e+03
   3.5070000e+03
   2.3790000e+03
   5.9960000e+03
   1.2603000e+04
   1.4597000e+04
   9.9240000e+03
   4.2920000e+03
   2.1520000e+03
   2.8940000e+03
   5.0940000e+03
   7.5640000e+03
   7.6320000e+03
   4.3450000e+03
   9.5600000e+02
  -6.8600000e+02
  -2.6550000e+03
  -4.4970000e+03
  -3.1090000e+03
  -2.6800000e+02
  -2.3200000e+02
  -1.3250000e+03
   3.7600000e+02
   3.5460000e+03
   5.4490000e+03
   6.4110000e+03
   6.2120000e+03
   3.7300000e+03
   1.4580000e+03
   2.6810000e+03
   5.5580000e+03
   6.6600000e+03
   6.1180000e+03
   5.2540000e+03
   4.3830000e+03
   4.4480000e+03
   5.7420000e+03
   5.9840000e+03
   4.2410000e+03
   2.6140000e+03
   1.0280000e+03
  -1.8690000e+03
  -3.7140000e+03
  -2.9070000e+03
  -1.9280000e+03
  -1.4340000e+03
  -3.2300000e+02
  -2.8000000e+01
  -4.2100000e+02
   1.8150000e+03
   5.3430000e+03
   3.4470000e+03
  -4.0860000e+03
  -7.7330000e+03
  -2.6240000e+03
   4.2170000e+03
   5.7320000e+03
   3.3340000e+03
   1.9220000e+03
   4.3490000e+03
   9.4770000e+03
   1.1395000e+04
   6.1820000e+03
   5.3500000e+02
   3.1590000e+03
   9.6740000e+03
   9.9450000e+03
   4.5700000e+03
   1.0280000e+03
   1.3060000e+03
   2.5200000e+03
   2.1270000e+03
  -4.9500000e+02
  -2.8410000e+03
  -2.4940000e+03
  -1.2240000e+03
  -4.8100000e+02
   1.6820000e+03
   5.1510000e+03
   6.1830000e+03
   3.8810000e+03
   1.9210000e+03
   2.5410000e+03
   4.5510000e+03
   6.6390000e+03
   7.2140000e+03
   4.1030000e+03
  -1.2860000e+03
  -3.5070000e+03
   3.3600000e+02
   6.2680000e+03
   7.8610000e+03
   3.6680000e+03
  -1.4610000e+03
  -2.1200000e+03
   2.0030000e+03
   6.5140000e+03
   6.9220000e+03
   2.9850000e+03
   5.3000000e+01
   2.4780000e+03
   6.4750000e+03
   6.5490000e+03
   3.9760000e+03
   1.8190000e+03
   3.9000000e+02
   2.6600000e+02
   1.8430000e+03
   3.5180000e+03
   3.1740000e+03
  -3.9000000e+01
  -2.4610000e+03
   1.2290000e+03
   6.8500000e+03
   4.8720000e+03
  -2.3190000e+03
  -3.5010000e+03
   3.8540000e+03
   1.1259000e+04
   1.0305000e+04
   2.3770000e+03
  -3.2610000e+03
  -1.3530000e+03
   3.7840000e+03
   5.1910000e+03
   2.4990000e+03
   1.7780000e+03
   5.2950000e+03
   7.3230000e+03
   4.1710000e+03
   7.4900000e+02
   2.5510000e+03
   7.6710000e+03
   9.4870000e+03
   4.0940000e+03
  -3.6920000e+03
  -4.0080000e+03
   3.7750000e+03
   7.8930000e+03
   1.6610000e+03
  -6.1020000e+03
  -4.8470000e+03
   3.0410000e+03
   7.4720000e+03
   4.0400000e+03
  -1.5320000e+03
  -9.6400000e+02
   5.2410000e+03
   7.9610000e+03
   2.7950000e+03
  -2.6220000e+03
  -1.5500000e+02
   5.6620000e+03
   5.6400000e+03
   1.4780000e+03
   1.7440000e+03
   7.0690000e+03
   9.4970000e+03
   5.9500000e+03
   2.4640000e+03
   2.5340000e+03
   2.2190000e+03
   6.5600000e+02
   2.0270000e+03
   4.1260000e+03
   9.0800000e+02
  -3.5870000e+03
  -4.8700000e+02
   7.5220000e+03
   9.7740000e+03
   4.5180000e+03
   2.8000000e+02
   1.7310000e+03
   4.7970000e+03
   5.2410000e+03
   3.6840000e+03
   2.5350000e+03
   2.3960000e+03
   1.5250000e+03
  -3.7300000e+02
  -9.1000000e+01
   3.0980000e+03
   4.4190000e+03
   2.2040000e+03
   1.4830000e+03
   4.3840000e+03
   6.5700000e+03
   5.0420000e+03
   1.4090000e+03
  -1.1480000e+03
  -6.0000000e+02
   1.5060000e+03
   1.0980000e+03
  -2.0460000e+03
  -2.3260000e+03
   2.4460000e+03
   6.1340000e+03
   5.8440000e+03
   6.5320000e+03
   8.3440000e+03
   6.2030000e+03
   1.9500000e+03
   6.1500000e+02
   1.8730000e+03
   4.5020000e+03
   7.2980000e+03
   5.6550000e+03
  -3.2600000e+02
  -2.6980000e+03
   1.3900000e+03
   5.8590000e+03
   6.1950000e+03
   3.5410000e+03
   8.2400000e+02
   6.8000000e+01
   9.0400000e+02
   1.2550000e+03
   1.2110000e+03
   2.4240000e+03
   3.3560000e+03
   2.0490000e+03
   8.3200000e+02
   1.7000000e+03
   2.8050000e+03
   3.0000000e+03
   3.1000000e+03
   2.4760000e+03
   1.3770000e+03
   3.2640000e+03
   7.5090000e+03
   7.8920000e+03
   3.7110000e+03
   8.1000000e+02
   7.2900000e+02
   4.3200000e+02
  -1.9000000e+02
   2.7000000e+02
   8.4900000e+02
   7.0500000e+02
   6.5600000e+02
   1.4950000e+03
   3.3180000e+03
   4.9150000e+03
   4.6530000e+03
   3.3300000e+03
   2.7280000e+03
   2.0410000e+03
   5.6000000e+02
   6.9900000e+02
   3.5210000e+03
   5.3290000e+03
   3.2420000e+03
   1.1570000e+03
   4.3000000e+03
   9.1910000e+03
   8.1700000e+03
   2.7690000e+03
   8.4200000e+02
   3.5480000e+03
   5.5540000e+03
   4.0960000e+03
   1.8450000e+03
   2.1150000e+03
   4.1770000e+03
   5.3470000e+03
   5.1540000e+03
   4.5520000e+03
   3.9450000e+03
   2.8080000e+03
  -1.6100000e+02
  -4.0080000e+03
  -4.6910000e+03
  -8.7500000e+02
   4.0200000e+03
   6.3130000e+03
   4.2730000e+03
  -1.7300000e+02
  -8.1000000e+02
   4.8460000e+03
   1.0151000e+04
   8.3930000e+03
   2.2660000e+03
  -2.0800000e+02
   3.0710000e+03
   6.1500000e+03
   4.8750000e+03
   1.1250000e+03
  -3.4910000e+03
  -7.6730000e+03
  -7.0840000e+03
  -7.3100000e+02
   4.8580000e+03
   3.5130000e+03
  -2.0120000e+03
  -3.0710000e+03
   2.5890000e+03
   8.0350000e+03
   8.2600000e+03
   5.0800000e+03
   2.2590000e+03
   2.0940000e+03
   3.9970000e+03
   5.6040000e+03
   6.3540000e+03
   6.7240000e+03
   5.5860000e+03
   1.9910000e+03
  -1.1720000e+03
   1.1130000e+03
   7.1260000e+03
   7.6610000e+03
   4.0100000e+02
  -5.2170000e+03
  -2.9470000e+03
   1.9380000e+03
   2.6160000e+03
  -3.3200000e+02
  -2.2550000e+03
  -9.3800000e+02
   2.3590000e+03
   5.0400000e+03
   5.5360000e+03
   5.2160000e+03
   6.5640000e+03
   8.8200000e+03
   8.2140000e+03
   3.7170000e+03
   1.9300000e+02
   2.6650000e+03
   8.3030000e+03
   9.2340000e+03
   3.5960000e+03
  -1.9690000e+03
  -2.2460000e+03
   4.6200000e+02
   2.0660000e+03
   2.1290000e+03
   1.6210000e+03
   2.0300000e+02
  -2.0410000e+03
  -2.7210000e+03
   1.6600000e+02
   4.2310000e+03
   4.8340000e+03
   2.2860000e+03
   1.9860000e+03
   5.4410000e+03
   7.9090000e+03
   7.0470000e+03
   5.6850000e+03
   4.7640000e+03
   2.6580000e+03
   1.1580000e+03
   2.9930000e+03
   5.3650000e+03
   4.2350000e+03
   1.3520000e+03
   8.5700000e+02
   3.0420000e+03
   5.0630000e+03
   4.6500000e+03
   1.9100000e+03
  -1.2600000e+02
   1.4030000e+03
   4.2860000e+03
   3.9340000e+03
   9.6300000e+02
  -4.0900000e+02
  -1.6800000e+02
  -1.3420000e+03
  -3.2630000e+03
  -2.0490000e+03
   3.1530000e+03
   8.1110000e+03
   8.8790000e+03
   6.1200000e+03
   3.1200000e+03
   2.4520000e+03
   3.4500000e+03
   2.5550000e+03
  -3.3900000e+02
  -4.9700000e+02
   1.6250000e+03
   9.6100000e+02
  -9.1000000e+01
   3.6460000e+03
   8.2620000e+03
   8.0000000e+03
   5.3850000e+03
   5.3000000e+03
   7.2570000e+03
   7.1100000e+03
   3.3530000e+03
   2.2900000e+02
   1.2940000e+03
   3.1860000e+03
   1.2820000e+03
  -3.5080000e+03
  -6.3900000e+03
  -3.2030000e+03
   4.6300000e+03
   8.8160000e+03
   4.1750000e+03
  -2.4710000e+03
  -2.6080000e+03
   1.8090000e+03
   4.8850000e+03
   5.1730000e+03
   3.6970000e+03
   2.3340000e+03
   3.4130000e+03
   6.3280000e+03
   7.1970000e+03
   4.6870000e+03
   2.3900000e+03
   2.6610000e+03
   3.1330000e+03
   1.6850000e+03
   3.2800000e+02
   1.0680000e+03
   1.8900000e+03
   1.6690000e+03
   3.3150000e+03
   6.5830000e+03
   6.7520000e+03
   4.5380000e+03
   5.0600000e+03
   6.2730000e+03
   3.1610000e+03
  -6.6700000e+02
  -3.6200000e+02
   4.2300000e+02
  -1.2550000e+03
  -1.3470000e+03
   1.3190000e+03
   1.6090000e+03
  -1.6700000e+03
  -2.1210000e+03
   3.5140000e+03
   9.0940000e+03
   8.6000000e+03
   4.9320000e+03
   3.9210000e+03
   5.3090000e+03
   5.5780000e+03
   4.7080000e+03
   4.4740000e+03
   3.8240000e+03
   7.8500000e+02
  -2.9530000e+03
  -3.1210000e+03
   1.3270000e+03
   5.8420000e+03
   5.2720000e+03
   1.7200000e+02
  -3.6330000e+03
  -1.6430000e+03
   4.2520000e+03
   7.9850000e+03
   5.9260000e+03
   1.1300000e+03
  -6.6000000e+01
   2.8380000e+03
   4.0170000e+03
   2.1640000e+03
   2.0580000e+03
   3.7810000e+03
   3.2170000e+03
   1.9840000e+03
   4.2490000e+03
   7.5010000e+03
   6.4960000e+03
   2.5620000e+03
   1.1010000e+03
   2.5400000e+03
   3.1300000e+03
   1.7650000e+03
   5.0000000e+01
  -9.3300000e+02
  -3.4400000e+02
   1.0330000e+03
  -3.9100000e+02
  -4.4830000e+03
  -4.4650000e+03
   2.1470000e+03
   7.7660000e+03
   6.6690000e+03
   2.6910000e+03
   7.1300000e+02
   1.5850000e+03
   4.8490000e+03
   7.4810000e+03
   5.2100000e+03
   3.4300000e+02
  -4.1400000e+02
   3.4990000e+03
   7.0970000e+03
   7.3520000e+03
   5.3790000e+03
   4.1250000e+03
   4.3150000e+03
   5.2170000e+03
   7.8020000e+03
   1.0197000e+04
   7.1730000e+03
   4.2300000e+02
  -1.8440000e+03
   2.1150000e+03
   5.6610000e+03
   3.4410000e+03
  -1.6480000e+03
  -2.1200000e+03
   2.0540000e+03
   2.8370000e+03
  -1.4050000e+03
  -4.0430000e+03
  -2.2000000e+03
   9.8800000e+02
   2.0520000e+03
  -3.8000000e+01
  -1.9490000e+03
   9.0800000e+02
   6.0740000e+03
   6.7530000e+03
   3.6620000e+03
   3.7610000e+03
   7.8820000e+03
   9.8830000e+03
   6.6460000e+03
   2.3780000e+03
   3.2590000e+03
   8.2180000e+03
   8.4130000e+03
   8.2700000e+02
  -5.2760000e+03
  -2.3980000e+03
   4.2020000e+03
   5.5200000e+03
   1.1720000e+03
  -2.6670000e+03
  -3.0580000e+03
  -1.1760000e+03
   2.2600000e+03
   5.1650000e+03
   3.8530000e+03
  -2.1800000e+02
  -1.2230000e+03
   1.6640000e+03
   4.4900000e+03
   5.9490000e+03
   6.0170000e+03
   3.6510000e+03
   1.6660000e+03
   4.6000000e+03
   1.0155000e+04
   1.1496000e+04
   6.8690000e+03
   2.0960000e+03
   3.4000000e+03
   8.7370000e+03
   9.4020000e+03
   1.6180000e+03
  -7.4940000e+03
  -9.1370000e+03
  -4.1110000e+03
   4.9100000e+02
   9.0600000e+02
  -1.9370000e+03
  -4.7220000e+03
  -2.9350000e+03
   3.7640000e+03
   9.7430000e+03
   1.1146000e+04
   8.3530000e+03
   2.6970000e+03
  -5.9900000e+02
   3.6740000e+03
   9.8460000e+03
   8.1740000e+03
  -3.1300000e+02
  -6.2580000e+03
  -3.0540000e+03
   7.0240000e+03
   1.3107000e+04
   7.2420000e+03
  -3.6910000e+03
  -6.0840000e+03
   2.4680000e+03
   1.0673000e+04
   8.3000000e+03
  -5.2800000e+02
  -3.3980000e+03
   1.7880000e+03
   5.4320000e+03
   3.8990000e+03
   1.9430000e+03
  -2.3700000e+02
  -3.9620000e+03
  -3.5720000e+03
   3.1580000e+03
   7.7020000e+03
   4.1010000e+03
  -1.5990000e+03
  -9.9300000e+02
   4.7360000e+03
   8.2830000e+03
   7.5340000e+03
   6.3130000e+03
   6.9950000e+03
   7.4610000e+03
   5.0820000e+03
   2.6450000e+03
   4.6840000e+03
   6.3290000e+03
  -5.8000000e+02
  -1.0095000e+04
  -1.0258000e+04
  -3.5410000e+03
   8.0000000e+01
  -1.1900000e+02
  -7.7500000e+02
  -2.8260000e+03
  -4.6160000e+03
  -6.4400000e+02
   7.3320000e+03
   1.0641000e+04
   6.7150000e+03
   2.3010000e+03
   3.6160000e+03
   9.1280000e+03
   1.2653000e+04
   1.1447000e+04
   8.5130000e+03
   6.3540000e+03
   4.7840000e+03
   5.3610000e+03
   8.0930000e+03
   7.1210000e+03
   3.5700000e+02
  -4.5260000e+03
  -2.5580000e+03
   4.7200000e+02
  -1.3490000e+03
  -5.1010000e+03
  -4.7360000e+03
  -6.3100000e+02
   8.9700000e+02
  -1.3920000e+03
  -1.0150000e+03
   4.1360000e+03
   8.0360000e+03
   7.0740000e+03
   4.9520000e+03
   5.8760000e+03
   8.3020000e+03
   8.9360000e+03
   8.4720000e+03
   8.0700000e+03
   6.2320000e+03
   3.5540000e+03
   2.5220000e+03
   1.1020000e+03
  -3.5820000e+03
  -6.4970000e+03
  -1.8430000e+03
   4.3330000e+03
   2.6940000e+03
  -3.4290000e+03
  -3.7870000e+03
   2.4560000e+03
   6.2670000e+03
   2.5810000e+03
  -2.1690000e+03
   4.5000000e+01
   6.4150000e+03
   8.2580000e+03
   4.7850000e+03
   2.6500000e+03
   3.4410000e+03
   3.0220000e+03
   2.2690000e+03
   4.4790000e+03
   5.5850000e+03
   1.4390000e+03
  -2.9210000e+03
  -1.7460000e+03
   3.2730000e+03
   7.0540000e+03
   5.9630000e+03
   1.0830000e+03
  -7.9800000e+02
   3.7690000e+03
   7.8670000e+03
   5.1870000e+03
   7.1700000e+02
   7.2800000e+02
   2.5240000e+03
   2.2550000e+03
   9.5600000e+02
  -4.7800000e+02
  -1.2500000e+03
   1.6000000e+01
   5.6600000e+02
  -1.7640000e+03
  -2.2050000e+03
   1.3190000e+03
   2.2230000e+03
  -2.2550000e+03
  -4.9800000e+03
  -7.8200000e+02
   5.9930000e+03
   8.9500000e+03
   7.1330000e+03
   4.4340000e+03
   5.3140000e+03
   8.8300000e+03
   8.7350000e+03
   4.7860000e+03
   4.8420000e+03
   9.4910000e+03
   9.6240000e+03
   3.9680000e+03
   2.1770000e+03
   8.1630000e+03
   1.3567000e+04
   9.9880000e+03
   7.6300000e+02
  -3.2490000e+03
   1.6060000e+03
   6.6650000e+03
   3.2210000e+03
  -4.2890000e+03
  -4.5610000e+03
   1.7760000e+03
   3.8390000e+03
   3.1900000e+02
  -1.2830000e+03
  -8.6000000e+01
   3.6800000e+02
   3.4400000e+02
   4.5700000e+02
  -4.9800000e+02
  -1.4070000e+03
   8.1800000e+02
   6.2470000e+03
   1.1331000e+04
   1.2910000e+04
   1.0777000e+04
   7.8230000e+03
   7.4480000e+03
   8.9940000e+03
   7.7810000e+03
   1.8290000e+03
  -4.6560000e+03
  -7.4570000e+03
  -6.7390000e+03
  -4.5560000e+03
  -3.6510000e+03
  -5.0810000e+03
  -5.3050000e+03
  -1.8780000e+03
   2.1730000e+03
   3.4950000e+03
   2.7240000e+03
   2.8780000e+03
   4.4070000e+03
   3.6540000e+03
   6.5900000e+02
   1.1320000e+03
   4.2390000e+03
   1.9180000e+03
  -4.4560000e+03
  -4.3220000e+03
   2.7850000e+03
   7.2970000e+03
   6.4640000e+03
   4.5740000e+03
   3.6310000e+03
   3.9770000e+03
   5.8070000e+03
   7.3540000e+03
   6.5100000e+03
   3.6200000e+03
   1.1220000e+03
   1.0800000e+03
   2.7940000e+03
   4.1920000e+03
   4.8930000e+03
   4.5510000e+03
   1.7260000e+03
  -8.7000000e+02
   2.2610000e+03
   7.9620000e+03
   6.7430000e+03
  -1.0860000e+03
  -5.3310000e+03
  -7.6000000e+02
   7.1250000e+03
   8.7650000e+03
   1.9190000e+03
  -4.0420000e+03
  -4.6100000e+02
   8.2240000e+03
   1.1664000e+04
   7.8740000e+03
   4.3400000e+03
   6.5180000e+03
   1.0236000e+04
   9.2600000e+03
   4.9670000e+03
   2.4420000e+03
   2.3560000e+03
   1.6430000e+03
  -1.5380000e+03
  -5.9690000e+03
  -8.2340000e+03
  -5.4380000e+03
   6.2100000e+02
   3.5950000e+03
   4.4100000e+02
  -4.2850000e+03
  -4.6970000e+03
  -6.8100000e+02
   2.9800000e+03
   2.1460000e+03
  -2.4840000e+03
  -5.7870000e+03
  -4.6360000e+03
  -2.4510000e+03
  -2.9660000e+03
  -4.3590000e+03
  -3.5020000e+03
  -5.3600000e+02
   2.6160000e+03
   5.6760000e+03
   1.0000000e+04
   1.5513000e+04
   2.0075000e+04
   2.1666000e+04
   1.9950000e+04
   1.6717000e+04
   1.4487000e+04
   1.3901000e+04
   1.2651000e+04
   7.6750000e+03
  -1.4100000e+02
  -5.3440000e+03
  -4.7260000e+03
  -2.2100000e+03
  -3.6170000e+03
  -8.1730000e+03
  -9.7350000e+03
  -5.1180000e+03
   2.2850000e+03
   5.4860000e+03
   1.2590000e+03
  -5.1430000e+03
  -6.6960000e+03
  -3.1130000e+03
   1.4410000e+03
   3.0270000e+03
  -4.8900000e+02
  -5.5410000e+03
  -4.5870000e+03
   3.2140000e+03
   1.0563000e+04
   1.1981000e+04
   8.1390000e+03
   4.3290000e+03
   6.8140000e+03
   1.3999000e+04
   1.5790000e+04
   8.1340000e+03
  -7.0000000e+02
  -2.4030000e+03
   1.1490000e+03
   1.9690000e+03
  -3.9410000e+03
  -1.1191000e+04
  -1.1289000e+04
  -4.6000000e+03
  -1.9800000e+02
  -2.7230000e+03
  -6.8130000e+03
  -5.7350000e+03
   4.3700000e+02
   6.2850000e+03
   7.9120000e+03
   6.2250000e+03
   4.3350000e+03
   4.6440000e+03
   7.4490000e+03
   1.0313000e+04
   1.1313000e+04
   1.1692000e+04
   1.1616000e+04
   9.3790000e+03
   7.6040000e+03
   1.0578000e+04
   1.5553000e+04
   1.6126000e+04
   1.2282000e+04
   9.7640000e+03
   1.1070000e+04
   1.3226000e+04
   1.3811000e+04
   1.2054000e+04
   6.3850000e+03
  -1.0610000e+03
  -3.8520000e+03
  -1.2590000e+03
   3.4500000e+02
  -1.2970000e+03
  -1.4440000e+03
   1.4090000e+03
   2.0090000e+03
  -8.4500000e+02
  -1.6150000e+03
   8.3600000e+02
   1.9790000e+03
  -2.6000000e+02
  -4.0770000e+03
  -7.0240000e+03
  -8.3980000e+03
  -8.5820000e+03
  -8.1380000e+03
  -8.6460000e+03
  -9.8810000e+03
  -8.4230000e+03
  -3.4560000e+03
   1.8400000e+03
   5.0810000e+03
   5.4620000e+03
   4.3810000e+03
   5.8650000e+03
   1.0224000e+04
   1.1421000e+04
   6.2600000e+03
  -2.6800000e+02
  -2.8650000e+03
  -2.4310000e+03
  -2.1890000e+03
  -3.3350000e+03
  -5.1220000e+03
  -5.7420000e+03
  -3.7230000e+03
  -1.5900000e+02
   9.6400000e+02
  -2.8440000e+03
  -7.6370000e+03
  -7.0260000e+03
  -2.3200000e+03
  -9.6000000e+02
  -3.6360000e+03
  -3.4930000e+03
   2.0880000e+03
   8.6860000e+03
   1.2709000e+04
   1.5372000e+04
   1.8296000e+04
   1.9710000e+04
   1.7595000e+04
   1.3190000e+04
   8.8210000e+03
   5.5430000e+03
   3.2840000e+03
   1.2500000e+02
  -5.2820000e+03
  -9.0510000e+03
  -6.8850000e+03
  -2.5050000e+03
  -2.3510000e+03
  -5.8980000e+03
  -8.7830000e+03
  -9.2610000e+03
  -7.1490000e+03
  -2.4010000e+03
   3.0980000e+03
   6.0310000e+03
   5.0560000e+03
   2.8680000e+03
   4.5090000e+03
   1.1331000e+04
   1.7656000e+04
   1.8539000e+04
   1.7141000e+04
   1.9048000e+04
   2.4170000e+04
   2.7920000e+04
   2.7465000e+04
   2.4061000e+04
   2.0506000e+04
   1.7843000e+04
   1.3991000e+04
   7.3010000e+03
   1.2750000e+03
   4.6000000e+02
   3.2140000e+03
   4.9070000e+03
   4.1410000e+03
   2.2000000e+02
  -6.8110000e+03
  -1.0032000e+04
  -3.5950000e+03
   3.5940000e+03
  -7.3100000e+02
  -1.1909000e+04
  -1.6165000e+04
  -1.1566000e+04
  -6.8220000e+03
  -6.8350000e+03
  -1.0099000e+04
  -1.2563000e+04
  -9.4060000e+03
  -3.1000000e+02
   7.6940000e+03
   9.3500000e+03
   8.9790000e+03
   1.2028000e+04
   1.5492000e+04
   1.4594000e+04
   1.1763000e+04
   1.1305000e+04
   1.0314000e+04
   3.3970000e+03
  -6.0250000e+03
  -8.4230000e+03
  -1.9990000e+03
   4.2800000e+03
   3.4930000e+03
   5.1800000e+02
   2.9620000e+03
   9.5530000e+03
   1.4886000e+04
   1.6100000e+04
   1.1696000e+04
   4.1920000e+03
   9.2200000e+02
   3.6320000e+03
   4.6160000e+03
  -1.2460000e+03
  -9.9480000e+03
  -1.6045000e+04
  -1.7196000e+04
  -1.2808000e+04
  -7.2360000e+03
  -9.1900000e+03
  -1.8803000e+04
  -2.3537000e+04
  -1.6119000e+04
  -5.3090000e+03
  -1.3670000e+03
  -2.8680000e+03
  -3.7980000e+03
  -2.5820000e+03
   1.3300000e+03
   8.9830000e+03
   1.6227000e+04
   1.6881000e+04
   1.2635000e+04
   1.1907000e+04
   1.8837000e+04
   2.6669000e+04
   2.5417000e+04
   1.7511000e+04
   1.4244000e+04
   1.5171000e+04
   1.0332000e+04
   3.0900000e+02
  -6.5090000e+03
  -1.0127000e+04
  -1.6002000e+04
  -2.3307000e+04
  -2.6413000e+04
  -2.3649000e+04
  -1.9465000e+04
  -1.7826000e+04
  -1.6640000e+04
  -1.1710000e+04
  -3.0430000e+03
   4.3800000e+03
   5.9900000e+03
   5.3670000e+03
   9.9420000e+03
   1.6926000e+04
   1.7739000e+04
   1.4286000e+04
   1.3097000e+04
   1.2472000e+04
   1.1314000e+04
   1.4312000e+04
   1.8771000e+04
   1.6194000e+04
   8.8990000e+03
   7.3250000e+03
   1.2204000e+04
   1.3578000e+04
   7.1870000e+03
  -3.2800000e+02
  -3.0270000e+03
  -2.8050000e+03
  -4.4470000e+03
  -8.6770000e+03
  -1.2822000e+04
  -1.6216000e+04
  -1.8676000e+04
  -1.7585000e+04
  -1.3398000e+04
  -1.1341000e+04
  -1.3354000e+04
  -1.4334000e+04
  -8.5030000e+03
   3.0710000e+03
   1.3480000e+04
   1.7342000e+04
   1.6639000e+04
   2.0274000e+04
   3.2369000e+04
   4.2428000e+04
   3.9731000e+04
   3.0752000e+04
   2.6888000e+04
   2.6947000e+04
   2.4025000e+04
   1.5991000e+04
   4.1850000e+03
  -7.6060000e+03
  -1.4912000e+04
  -1.8245000e+04
  -2.1953000e+04
  -2.6598000e+04
  -2.8860000e+04
  -2.7381000e+04
  -2.2001000e+04
  -1.2254000e+04
  -3.1030000e+03
  -1.4910000e+03
  -2.2910000e+03
   5.6850000e+03
   1.8624000e+04
   2.2556000e+04
   1.6504000e+04
   1.2316000e+04
   1.5471000e+04
   2.0100000e+04
   1.9914000e+04
   1.5051000e+04
   9.5430000e+03
   6.7420000e+03
   7.1700000e+03
   8.4630000e+03
   7.2840000e+03
   2.7700000e+03
  -1.7580000e+03
  -2.0660000e+03
   1.5100000e+03
   3.6030000e+03
   1.0700000e+03
  -2.3200000e+03
  -2.3880000e+03
  -9.6900000e+02
  -2.0890000e+03
  -5.6930000e+03
  -7.3680000e+03
  -5.3520000e+03
  -4.2100000e+03
  -5.6290000e+03
  -3.9510000e+03
   2.2330000e+03
   5.9290000e+03
   4.0880000e+03
   2.7010000e+03
   5.8240000e+03
   9.5200000e+03
   1.0636000e+04
   1.1500000e+04
   1.3187000e+04
   1.3003000e+04
   1.0224000e+04
   8.5320000e+03
   9.9910000e+03
   1.1311000e+04
   9.5630000e+03
   5.6040000e+03
   1.1260000e+03
  -1.8630000e+03
  -1.9420000e+03
  -1.1080000e+03
  -1.4830000e+03
  -1.6610000e+03
  -1.2470000e+03
  -2.1780000e+03
  -3.4930000e+03
  -2.4340000e+03
  -2.6100000e+02
  -9.1500000e+02
  -4.7480000e+03
  -8.1900000e+03
  -8.9650000e+03
  -7.5030000e+03
  -4.2470000e+03
   2.1000000e+01
   3.4780000e+03
   5.9460000e+03
   8.6010000e+03
   1.1462000e+04
   1.4620000e+04
   1.7792000e+04
   1.7534000e+04
   1.1461000e+04
   4.1230000e+03
   1.4360000e+03
   1.9860000e+03
   6.8900000e+02
  -3.0050000e+03
  -5.9580000e+03
  -6.7760000e+03
  -7.8650000e+03
  -1.0728000e+04
  -1.0705000e+04
  -4.5150000e+03
   1.1300000e+03
   1.0970000e+03
   2.3380000e+03
   9.9070000e+03
   1.6845000e+04
   1.6542000e+04
   1.1488000e+04
   8.5740000e+03
   1.1073000e+04
   1.3379000e+04
   8.8110000e+03
   1.1160000e+03
  -1.9720000e+03
  -5.0300000e+02
   5.9600000e+02
  -1.0410000e+03
  -4.1140000e+03
  -6.1890000e+03
  -6.8270000e+03
  -7.6770000e+03
  -9.2520000e+03
  -1.0672000e+04
  -1.1446000e+04
  -9.9370000e+03
  -4.0240000e+03
   2.6950000e+03
   4.4800000e+03
   5.2830000e+03
   1.2470000e+04
   2.1457000e+04
   2.3265000e+04
   2.0413000e+04
   1.9888000e+04
   1.9782000e+04
   1.6225000e+04
   1.2509000e+04
   1.1405000e+04
   8.8110000e+03
   8.7700000e+02
  -9.1500000e+03
  -1.4409000e+04
  -1.3079000e+04
  -1.0654000e+04
  -1.2361000e+04
  -1.7081000e+04
  -2.0790000e+04
  -2.1085000e+04
  -1.7096000e+04
  -9.4950000e+03
  -1.2870000e+03
   3.4010000e+03
   3.7940000e+03
   5.2210000e+03
   1.1872000e+04
   2.0658000e+04
   2.8231000e+04
   3.3499000e+04
   3.2637000e+04
   2.5100000e+04
   1.8718000e+04
   1.8530000e+04
   1.8452000e+04
   9.9280000e+03
  -5.5030000e+03
  -1.7744000e+04
  -2.2162000e+04
  -2.3702000e+04
  -2.5907000e+04
  -2.6320000e+04
  -2.3176000e+04
  -1.8167000e+04
  -1.3234000e+04
  -8.1610000e+03
  -4.8900000e+02
   1.0733000e+04
   2.0746000e+04
   2.3736000e+04
   2.1715000e+04
   2.2229000e+04
   2.7166000e+04
   3.0162000e+04
   2.5901000e+04
   1.7937000e+04
   1.3098000e+04
   1.1068000e+04
   6.8760000e+03
  -6.3600000e+02
  -9.4680000e+03
  -1.7779000e+04
  -2.2556000e+04
  -2.1864000e+04
  -2.0424000e+04
  -2.4064000e+04
  -2.8087000e+04
  -2.2730000e+04
  -8.7750000e+03
   3.7890000e+03
   1.0126000e+04
   1.4630000e+04
   2.1432000e+04
   2.8700000e+04
   3.4505000e+04
   3.8691000e+04
   3.7853000e+04
   2.9144000e+04
   1.6518000e+04
   5.6210000e+03
  -2.1010000e+03
  -7.6280000e+03
  -1.2971000e+04
  -2.0938000e+04
  -3.0459000e+04
  -3.4522000e+04
  -2.8498000e+04
  -1.7225000e+04
  -8.8470000e+03
  -5.8210000e+03
  -4.5300000e+03
   3.3700000e+02
   1.1347000e+04
   2.4659000e+04
   3.1771000e+04
   2.9220000e+04
   2.4173000e+04
   2.4699000e+04
   2.7937000e+04
   2.4909000e+04
   1.4493000e+04
   4.6320000e+03
   4.6000000e+02
  -1.8140000e+03
  -7.7570000e+03
  -1.5938000e+04
  -2.0710000e+04
  -2.0959000e+04
  -2.0505000e+04
  -2.1626000e+04
  -2.2101000e+04
  -1.8014000e+04
  -8.6650000e+03
   1.3140000e+03
   8.0090000e+03
   1.4647000e+04
   2.4433000e+04
   3.2246000e+04
   3.2528000e+04
   2.8844000e+04
   2.7790000e+04
   2.7963000e+04
   2.2446000e+04
   1.0229000e+04
  -2.5410000e+03
  -1.0833000e+04
  -1.5130000e+04
  -1.9662000e+04
  -2.7025000e+04
  -3.3417000e+04
  -3.2356000e+04
  -2.3454000e+04
  -1.2261000e+04
  -2.6000000e+03
   4.6850000e+03
   1.0067000e+04
   1.6690000e+04
   2.5784000e+04
   3.2870000e+04
   3.4741000e+04
   3.2482000e+04
   2.6873000e+04
   1.9036000e+04
   1.0874000e+04
   1.4420000e+03
  -9.1790000e+03
  -1.6010000e+04
  -1.7661000e+04
  -2.0036000e+04
  -2.4174000e+04
  -2.2496000e+04
  -1.2587000e+04
  -1.7710000e+03
   4.1990000e+03
   6.8670000e+03
   9.8410000e+03
   1.4113000e+04
   1.8739000e+04
   2.1787000e+04
   2.0857000e+04
   1.6351000e+04
   1.1777000e+04
   8.5460000e+03
   4.6300000e+03
  -1.7680000e+03
  -1.0072000e+04
  -1.7024000e+04
  -1.8902000e+04
  -1.5705000e+04
  -1.1390000e+04
  -9.3850000e+03
  -8.3660000e+03
  -3.1980000e+03
   7.4510000e+03
   1.7175000e+04
   2.0864000e+04
   2.1997000e+04
   2.4532000e+04
   2.5441000e+04
   2.1316000e+04
   1.4966000e+04
   9.7020000e+03
   3.0920000e+03
  -6.1180000e+03
  -1.2199000e+04
  -1.2559000e+04
  -1.3662000e+04
  -1.9115000e+04
  -2.2449000e+04
  -1.7907000e+04
  -8.4360000e+03
   1.0780000e+03
   8.4800000e+03
   1.2195000e+04
   1.3505000e+04
   1.7449000e+04
   2.4172000e+04
   2.5911000e+04
   1.8947000e+04
   9.7640000e+03
   3.8310000e+03
  -5.4300000e+02
  -4.1680000e+03
  -5.3960000e+03
  -6.7210000e+03
  -1.0653000e+04
  -1.2379000e+04
  -8.2850000e+03
  -4.6700000e+03
  -6.4800000e+03
  -6.8320000e+03
   4.9300000e+02
   8.6710000e+03
   9.9840000e+03
   8.3910000e+03
   9.1870000e+03
   1.0415000e+04
   1.2307000e+04
   1.7072000e+04
   1.7410000e+04
   7.6830000e+03
  -7.1500000e+02
   2.1510000e+03
   7.4720000e+03
   5.0030000e+03
  -2.1430000e+03
  -7.0550000e+03
  -7.7090000e+03
  -5.5420000e+03
  -3.2020000e+03
  -3.0000000e+03
  -4.9750000e+03
  -6.2670000e+03
  -3.7950000e+03
   1.1540000e+03
   3.5100000e+03
   2.1160000e+03
   2.4650000e+03
   7.6520000e+03
   1.2576000e+04
   1.2673000e+04
   1.0547000e+04
   9.5310000e+03
   9.6940000e+03
   1.0470000e+04
   9.7140000e+03
   4.6200000e+03
  -2.2130000e+03
  -4.9040000e+03
  -3.3810000e+03
  -2.9090000e+03
  -5.8920000e+03
  -9.4980000e+03
  -9.8700000e+03
  -6.5520000e+03
  -2.5160000e+03
  -5.5000000e+01
   1.2820000e+03
   2.6180000e+03
   4.6340000e+03
   8.2620000e+03
   1.2640000e+04
   1.4167000e+04
   1.1933000e+04
   9.6800000e+03
   1.0460000e+04
   1.3623000e+04
   1.4507000e+04
   8.1050000e+03
  -2.1150000e+03
  -6.5310000e+03
  -3.7820000e+03
  -2.2270000e+03
  -6.8640000e+03
  -1.3372000e+04
  -1.4684000e+04
  -8.8120000e+03
  -3.2100000e+02
   4.0070000e+03
   2.3250000e+03
   6.3900000e+02
   5.5250000e+03
   1.5688000e+04
   2.3151000e+04
   2.1711000e+04
   1.4052000e+04
   8.3600000e+03
   7.5490000e+03
   7.6140000e+03
   4.7550000e+03
  -2.5170000e+03
  -1.2867000e+04
  -1.9894000e+04
  -1.8243000e+04
  -1.1713000e+04
  -7.2780000e+03
  -4.8200000e+03
  -3.4100000e+02
   6.7660000e+03
   1.5209000e+04
   2.3140000e+04
   2.5791000e+04
   2.0585000e+04
   1.2983000e+04
   8.7000000e+03
   6.4290000e+03
   2.5040000e+03
  -4.4470000e+03
  -1.2486000e+04
  -1.6732000e+04
  -1.4122000e+04
  -7.4270000e+03
  -2.5690000e+03
  -1.3420000e+03
   2.3200000e+02
   4.3900000e+03
   9.0660000e+03
   1.2987000e+04
   1.4575000e+04
   1.0892000e+04
   4.4460000e+03
   1.6090000e+03
   3.3590000e+03
   5.7860000e+03
   5.5860000e+03
   2.6440000e+03
   3.6400000e+02
   1.4530000e+03
   4.0800000e+03
   4.3390000e+03
   1.6600000e+03
  -7.7000000e+01
   3.7900000e+02
  -8.6300000e+02
  -3.0740000e+03
  -8.6900000e+02
   2.8610000e+03
   9.7500000e+02
  -3.4010000e+03
  -2.4540000e+03
   2.8540000e+03
   5.8480000e+03
   3.9400000e+03
   3.0000000e+00
  -1.3200000e+03
   2.7640000e+03
   9.5340000e+03
   1.1942000e+04
   7.8180000e+03
   4.4730000e+03
   8.3810000e+03
   1.4551000e+04
   1.3762000e+04
   6.0380000e+03
  -9.6400000e+02
  -3.0860000e+03
  -1.9690000e+03
  -8.1700000e+02
  -3.3660000e+03
  -1.0234000e+04
  -1.4071000e+04
  -8.2640000e+03
   7.0400000e+02
   1.5400000e+03
  -3.5050000e+03
  -1.8880000e+03
   8.9390000e+03
   1.8138000e+04
   1.7908000e+04
   1.2157000e+04
   9.5260000e+03
   1.2875000e+04
   1.4989000e+04
   8.2070000e+03
  -2.6770000e+03
  -7.7470000e+03
  -7.9770000e+03
  -1.0149000e+04
  -1.2810000e+04
  -1.0904000e+04
  -6.3090000e+03
  -2.4610000e+03
   3.0460000e+03
   1.1487000e+04
   1.7458000e+04
   1.7691000e+04
   1.6546000e+04
   1.6681000e+04
   1.4065000e+04
   7.2240000e+03
   8.0200000e+02
  -2.5800000e+03
  -5.1110000e+03
  -8.2990000e+03
  -1.1053000e+04
  -1.2256000e+04
  -1.0711000e+04
  -5.6530000e+03
  -1.7500000e+02
   1.6550000e+03
   1.4850000e+03
   4.3170000e+03
   1.1055000e+04
   1.7505000e+04
   1.9049000e+04
   1.5650000e+04
   1.2262000e+04
   1.1669000e+04
   9.3670000e+03
   1.7910000e+03
  -5.9110000e+03
  -8.7040000e+03
  -9.9740000e+03
  -1.3396000e+04
  -1.5347000e+04
  -1.1761000e+04
  -4.8560000e+03
   1.5040000e+03
   6.0910000e+03
   8.7120000e+03
   1.0741000e+04
   1.4265000e+04
   1.7069000e+04
   1.5469000e+04
   1.1377000e+04
   8.1990000e+03
   4.7160000e+03
  -2.6100000e+02
  -3.8450000e+03
  -4.7800000e+03
  -6.7120000e+03
  -1.0670000e+04
  -1.0992000e+04
  -4.3400000e+03
   4.0300000e+03
   7.4460000e+03
   6.2240000e+03
   7.1170000e+03
   1.4513000e+04
   2.1759000e+04
   1.7789000e+04
   4.8130000e+03
  -2.4850000e+03
   1.5650000e+03
   6.1560000e+03
   8.5300000e+02
  -1.0191000e+04
  -1.4887000e+04
  -9.4690000e+03
  -2.0480000e+03
  -1.1500000e+02
  -2.1680000e+03
  -2.7490000e+03
   9.1100000e+02
   7.4910000e+03
   1.3150000e+04
   1.4754000e+04
   1.3062000e+04
   1.1240000e+04
   1.0026000e+04
   8.2490000e+03
   5.5270000e+03
   1.8110000e+03
  -1.7070000e+03
  -2.6780000e+03
  -1.5090000e+03
  -4.9700000e+02
   8.1200000e+02
   2.9070000e+03
   3.5490000e+03
   1.9650000e+03
  -3.4300000e+02
  -2.3000000e+03
  -3.2640000e+03
  -3.5770000e+03
  -4.4260000e+03
  -5.0730000e+03
  -4.3380000e+03
  -3.0040000e+03
  -5.9000000e+01
   6.5970000e+03
   1.3409000e+04
   1.4597000e+04
   1.1781000e+04
   1.0742000e+04
   1.2111000e+04
   1.2611000e+04
   1.0331000e+04
   5.4090000e+03
   1.3700000e+02
  -2.3990000e+03
  -2.6040000e+03
  -3.5170000e+03
  -4.9240000e+03
  -4.4300000e+03
  -2.9680000e+03
  -3.1510000e+03
  -3.8870000e+03
  -1.8640000e+03
   2.5470000e+03
   5.4550000e+03
   5.1850000e+03
   4.4680000e+03
   5.9630000e+03
   8.0800000e+03
   7.9110000e+03
   5.9700000e+03
   3.9770000e+03
   1.3060000e+03
  -1.7910000e+03
  -2.0010000e+03
   1.6120000e+03
   4.8280000e+03
   4.6270000e+03
   3.1760000e+03
   3.9750000e+03
   7.4910000e+03
   9.7570000e+03
   6.4590000e+03
   3.5000000e+01
  -2.7720000e+03
  -6.0900000e+02
   1.5110000e+03
   4.8600000e+02
  -1.3210000e+03
  -1.3400000e+03
  -5.4000000e+01
   1.9050000e+03
   4.5650000e+03
   6.5010000e+03
   5.3540000e+03
   8.3400000e+02
  -2.9320000e+03
  -8.4000000e+02
   4.9530000e+03
   6.7140000e+03
   2.5270000e+03
  -1.5790000e+03
  -6.0000000e+01
   6.4560000e+03
   1.1991000e+04
   1.0992000e+04
   4.9970000e+03
   1.3520000e+03
   3.8400000e+03
   8.1020000e+03
   7.6580000e+03
   1.3300000e+03
  -5.7400000e+03
  -7.1210000e+03
  -1.9890000e+03
   2.6850000e+03
   6.3000000e+01
  -6.8180000e+03
  -8.2910000e+03
  -5.6400000e+02
   9.2090000e+03
   1.1294000e+04
   5.7020000e+03
   2.0660000e+03
   5.5200000e+03
   1.0610000e+04
   1.1517000e+04
   7.8990000e+03
   1.6270000e+03
  -3.7220000e+03
  -4.7960000e+03
  -2.3800000e+03
   3.6800000e+02
   7.3700000e+02
  -1.8000000e+03
  -3.0030000e+03
   1.6180000e+03
   9.1030000e+03
   1.2476000e+04
   1.0423000e+04
   7.4650000e+03
   6.4270000e+03
   6.5320000e+03
   5.8310000e+03
   1.9470000e+03
  -3.9680000e+03
  -5.9800000e+03
  -2.8480000e+03
  -1.6700000e+03
  -6.2130000e+03
  -9.7590000e+03
  -4.8120000e+03
   5.6450000e+03
   1.1629000e+04
   9.1560000e+03
   5.3660000e+03
   8.3290000e+03
   1.5285000e+04
   1.6676000e+04
   1.0590000e+04
   4.7870000e+03
   2.9890000e+03
   5.7400000e+02
  -3.8250000e+03
  -5.9410000e+03
  -5.9520000e+03
  -7.5710000e+03
  -9.1500000e+03
  -6.7180000e+03
  -1.6400000e+03
   2.1070000e+03
   4.5350000e+03
   8.4710000e+03
   1.3399000e+04
   1.4998000e+04
   1.1753000e+04
   7.9150000e+03
   6.9850000e+03
   6.2930000e+03
   1.9260000e+03
  -4.9760000e+03
  -9.7110000e+03
  -9.4400000e+03
  -5.9620000e+03
  -2.6040000e+03
  -5.5800000e+02
   3.4600000e+02
   2.1800000e+03
   7.9110000e+03
   1.4366000e+04
   1.4985000e+04
   1.1442000e+04
   9.6460000e+03
   8.7000000e+03
   5.9810000e+03
   2.6920000e+03
  -1.8880000e+03
  -8.3870000e+03
  -1.1228000e+04
  -6.6520000e+03
  -7.5300000e+02
  -5.4800000e+02
  -3.4090000e+03
  -1.5520000e+03
   6.6550000e+03
   1.3546000e+04
   1.1944000e+04
   5.9470000e+03
   4.6460000e+03
   7.9610000e+03
   8.7930000e+03
   4.6090000e+03
  -1.0550000e+03
  -4.2920000e+03
  -4.3170000e+03
  -3.0750000e+03
  -2.5690000e+03
  -2.7620000e+03
  -1.4280000e+03
   2.8010000e+03
   6.6150000e+03
   6.3810000e+03
   5.9100000e+03
   1.0164000e+04
   1.4348000e+04
   1.1627000e+04
   5.4010000e+03
   2.1930000e+03
   1.0270000e+03
  -1.5360000e+03
  -4.9460000e+03
  -6.7760000e+03
  -5.8640000e+03
  -4.2290000e+03
  -4.3650000e+03
  -3.6020000e+03
   1.3070000e+03
   7.2430000e+03
   1.0015000e+04
   9.8070000e+03
   8.5350000e+03
   8.3190000e+03
   1.0076000e+04
   1.0493000e+04
   5.7320000e+03
  -5.9500000e+02
  -9.7900000e+02
   3.6120000e+03
   4.5960000e+03
   4.8000000e+01
  -3.1180000e+03
  -1.8210000e+03
   1.0300000e+02
   3.1100000e+02
  -1.0800000e+02
  -7.3100000e+02
  -1.1600000e+03
   8.8800000e+02
   5.6740000e+03
   8.3300000e+03
   5.6430000e+03
   3.1370000e+03
   6.6790000e+03
   1.0986000e+04
   8.1080000e+03
   9.6900000e+02
  -1.9790000e+03
   1.0030000e+03
   4.6220000e+03
   3.3570000e+03
  -2.2490000e+03
  -5.3460000e+03
  -2.5340000e+03
   8.6300000e+02
   5.2600000e+02
  -4.7500000e+02
   1.4230000e+03
   4.8570000e+03
   6.2010000e+03
   5.0510000e+03
   5.5510000e+03
   8.8480000e+03
   1.0539000e+04
   9.0500000e+03
   6.2880000e+03
   2.1830000e+03
  -2.3780000e+03
  -4.2110000e+03
  -3.8130000e+03
  -5.2600000e+03
  -9.2960000e+03
  -1.1305000e+04
  -6.9450000e+03
   1.9500000e+03
   8.5200000e+03
   9.1680000e+03
   8.8840000e+03
   1.3257000e+04
   1.8402000e+04
   1.6981000e+04
   1.0167000e+04
   5.1520000e+03
   4.2400000e+03
   3.0210000e+03
  -2.2430000e+03
  -9.3270000e+03
  -1.2369000e+04
  -8.3360000e+03
  -1.6700000e+03
   1.3000000e+02
  -2.9300000e+03
  -3.1750000e+03
   3.0100000e+03
   1.0243000e+04
   1.2443000e+04
   1.0179000e+04
   7.7840000e+03
   7.4800000e+03
   7.7230000e+03
   5.1640000e+03
  -3.5600000e+02
  -3.6570000e+03
  -1.6930000e+03
   6.5000000e+02
  -1.3880000e+03
  -3.7390000e+03
  -4.3300000e+02
   5.9380000e+03
   9.1840000e+03
   8.8070000e+03
   6.8780000e+03
   3.7470000e+03
   1.6870000e+03
   3.1840000e+03
   4.3670000e+03
   6.8200000e+02
  -4.4150000e+03
  -5.6780000e+03
  -3.1650000e+03
   9.3000000e+02
   4.3730000e+03
   4.9440000e+03
   3.3060000e+03
   3.1680000e+03
   6.3420000e+03
   1.0305000e+04
   1.1677000e+04
   9.5910000e+03
   5.9070000e+03
   2.7300000e+03
   4.7700000e+02
  -2.1300000e+02
   8.7600000e+02
   2.5300000e+02
  -4.8140000e+03
  -9.1470000e+03
  -5.5070000e+03
   2.8950000e+03
   5.6010000e+03
   1.2930000e+03
  -1.0080000e+03
   3.0840000e+03
   9.1030000e+03
   1.1626000e+04
   8.0930000e+03
   8.8000000e+02
  -1.7650000e+03
   4.2070000e+03
   1.0355000e+04
   7.2520000e+03
  -8.3700000e+02
  -3.0330000e+03
   1.1790000e+03
   3.6250000e+03
   1.7710000e+03
  -7.2900000e+02
  -2.0970000e+03
  -1.8070000e+03
   1.2880000e+03
   5.1470000e+03
   5.2540000e+03
   2.2020000e+03
   2.4890000e+03
   7.6030000e+03
   9.6680000e+03
   4.6570000e+03
   5.5400000e+02
   3.3950000e+03
   6.7710000e+03
   4.2270000e+03
  -7.4500000e+02
  -2.8940000e+03
  -1.6360000e+03
   1.3820000e+03
   3.3350000e+03
   1.8980000e+03
  -4.6300000e+02
   1.4630000e+03
   7.3400000e+03
   1.0704000e+04
   9.0630000e+03
   6.4710000e+03
   4.5570000e+03
   1.7970000e+03
  -5.1100000e+02
  -1.3230000e+03
  -2.3800000e+03
  -3.7200000e+03
  -4.5270000e+03
  -4.8550000e+03
  -2.7710000e+03
   2.1270000e+03
   5.1580000e+03
   4.1600000e+03
   4.0260000e+03
   7.6440000e+03
   9.6790000e+03
   5.9600000e+03
   2.6920000e+03
   5.8240000e+03
   9.0860000e+03
   5.6270000e+03
   9.2000000e+01
  -1.5710000e+03
  -6.9600000e+02
   6.6800000e+02
   2.5540000e+03
   3.2820000e+03
   1.1010000e+03
  -1.5040000e+03
   3.0100000e+02
   6.2320000e+03
   9.3120000e+03
   5.8230000e+03
   8.6500000e+02
  -7.9000000e+01
   2.2020000e+03
   4.2670000e+03
   3.6490000e+03
   4.4700000e+02
  -1.7280000e+03
   1.1200000e+02
   3.7440000e+03
   4.6320000e+03
   1.4270000e+03
  -1.6970000e+03
   3.5200000e+02
   5.3110000e+03
   6.3650000e+03
   3.1450000e+03
   1.2410000e+03
   2.6300000e+03
   4.5580000e+03
   5.2490000e+03
   4.6160000e+03
   2.3510000e+03
  -7.1400000e+02
  -2.2080000e+03
  -9.4100000e+02
   1.9950000e+03
   3.7790000e+03
   1.6290000e+03
  -2.0720000e+03
  -1.2160000e+03
   4.2340000e+03
   7.8780000e+03
   6.9370000e+03
   5.4010000e+03
   6.3160000e+03
   6.9190000e+03
   5.9820000e+03
   7.1030000e+03
   9.4300000e+03
   6.8360000e+03
  -9.5900000e+02
  -6.0810000e+03
  -3.0530000e+03
   2.4690000e+03
   9.8500000e+02
  -6.1250000e+03
  -9.1480000e+03
  -4.8320000e+03
   1.4910000e+03
   5.0010000e+03
   5.8410000e+03
   6.0930000e+03
   6.3740000e+03
   7.0120000e+03
   9.3410000e+03
   1.1794000e+04
   9.4210000e+03
   2.7630000e+03
  -6.4400000e+02
   1.9000000e+03
   4.4020000e+03
   2.1130000e+03
  -2.3650000e+03
  -4.1100000e+03
  -2.7080000e+03
  -5.5200000e+02
   2.2560000e+03
   5.1280000e+03
   4.5060000e+03
   2.0000000e+01
  -2.8280000e+03
   3.5100000e+02
   6.6820000e+03
   8.7160000e+03
   3.7580000e+03
  -1.8020000e+03
  -1.4280000e+03
   3.3200000e+03
   7.6840000e+03
   9.3460000e+03
   6.9830000e+03
   1.4090000e+03
  -1.4390000e+03
   2.9790000e+03
   8.7190000e+03
   6.6290000e+03
  -1.0180000e+03
  -4.0010000e+03
   3.1500000e+02
   4.6910000e+03
   2.7960000e+03
  -3.4430000e+03
  -6.2610000e+03
  -2.1220000e+03
   2.9420000e+03
   2.6990000e+03
   3.5500000e+02
   2.5810000e+03
   8.2680000e+03
   1.0624000e+04
   8.4360000e+03
   7.0490000e+03
   8.3140000e+03
   8.0600000e+03
   4.1820000e+03
   2.6200000e+02
  -4.4700000e+02
  -5.7000000e+01
  -2.2040000e+03
  -5.9500000e+03
  -6.4390000e+03
  -1.6240000e+03
   3.7300000e+03
   4.0730000e+03
   1.9070000e+03
   4.2220000e+03
   1.0224000e+04
   1.1459000e+04
   5.9880000e+03
   2.2770000e+03
   5.2920000e+03
   8.1110000e+03
   3.6600000e+03
  -3.3920000e+03
  -5.1500000e+03
  -2.7390000e+03
  -1.2330000e+03
  -4.4200000e+02
   1.2480000e+03
   1.7580000e+03
   9.4200000e+02
   2.9640000e+03
   8.0250000e+03
   1.0717000e+04
   8.8550000e+03
   5.4850000e+03
   2.7750000e+03
   1.2290000e+03
   1.8000000e+03
   3.2090000e+03
   1.9140000e+03
  -1.9120000e+03
  -3.8380000e+03
  -1.6700000e+03
   2.4520000e+03
   4.9570000e+03
   3.6780000e+03
   1.3920000e+03
   3.2470000e+03
   7.2210000e+03
   6.3920000e+03
   2.2350000e+03
   1.9680000e+03
   4.7110000e+03
   4.3930000e+03
   1.1830000e+03
  -2.2100000e+02
   1.1890000e+03
   1.9940000e+03
   3.3300000e+02
  -9.0300000e+02
   1.1670000e+03
   4.3390000e+03
   4.6620000e+03
   2.5790000e+03
   1.6130000e+03
   3.5290000e+03
   7.0010000e+03
   8.4340000e+03
   5.1880000e+03
   2.7000000e+01
  -1.2990000e+03
   2.0150000e+03
   4.5060000e+03
   2.0650000e+03
  -2.3350000e+03
  -2.6650000e+03
   1.7210000e+03
   5.3580000e+03
   5.3880000e+03
